Epoch 0 training complete
0.74351598437;0;0.731225617974;0

Epoch 1 training complete
0.690606927022;0;0.679309740265;0

Epoch 2 training complete
0.561590474094;0;0.560734230042;0

Epoch 3 training complete
0.579325317103;0;0.594235132374;0

Epoch 4 training complete
0.546108444497;0;0.550890110952;0

Epoch 5 training complete
0.461537133714;0;0.502464127238;0

Epoch 6 training complete
0.488505166133;0;0.510111005799;0

Epoch 7 training complete
0.47833624802;0;0.509476648515;0

Epoch 0 training complete
0.703221467645;8817;0.69218775277;8817

Epoch 1 training complete
0.590221940246;9057;0.562573110197;9057

Epoch 2 training complete
0.57438486355;9061;0.56919285773;9061

Epoch 3 training complete
0.527092377347;9090;0.539306743842;9090

Epoch 4 training complete
0.516510758461;9112;0.535049599065;9112

Epoch 5 training complete
0.470976966456;9177;0.482676435145;9177

Epoch 6 training complete
0.500315742889;9131;0.507374320861;9131

Epoch 7 training complete
0.399330620614;9273;0.437566353195;9273

Epoch 8 training complete
0.388008778366;9339;0.412514646599;9339

Epoch 9 training complete
0.387525722758;9315;0.415721724569;9315

Epoch 10 training complete
0.408551719276;9278;0.430858478102;9278

Epoch 11 training complete
0.383054151031;9341;0.425598183046;9341

Epoch 12 training complete
0.398139011342;9297;0.426184784017;9297

Epoch 13 training complete
0.435756027868;9233;0.470808870591;9233

Epoch 14 training complete
0.382028669607;9311;0.417304900283;9311

Epoch 15 training complete
0.355533922811;9358;0.410948437315;9358

Epoch 16 training complete
0.348507182655;9369;0.396812977985;9369

Epoch 17 training complete
0.337236700242;9374;0.393184019126;9374

Epoch 18 training complete
0.330754066273;9373;0.376270933843;9373

Epoch 19 training complete
0.33005883983;9395;0.38502873856;9395

Epoch 20 training complete
0.33358706916;9383;0.39600216109;9383

Epoch 21 training complete
0.365357976499;9333;0.425359080553;9333

Epoch 22 training complete
0.328505874679;9440;0.367349687863;9440

Epoch 23 training complete
0.307356858112;9436;0.353166990395;9436

Epoch 24 training complete
0.35013277227;9378;0.398401441741;9378

Epoch 25 training complete
0.31685297351;9395;0.374146490876;9395

Epoch 26 training complete
0.287610738523;9445;0.344704551291;9445

Epoch 27 training complete
0.30898582994;9400;0.3623544362;9400

Epoch 28 training complete
0.359282215841;9387;0.395295316007;9387

Epoch 29 training complete
0.344446296553;9322;0.404531262985;9322

0.54032637113;46096;0.547778353689;9220

0.451018671711;46594;0.472967307252;9315

0.56997159572;45985;0.611053851601;9161

0.395440507521;47023;0.422183292867;9397

0.543479287693;46608;0.574065566617;9309

7.2306849585;34995;7.18869046431;7003

43.8328354314;4971;43.7010912314;1033

57.7266295366;4933;57.3934915531;980

63.3006917348;4842;63.1807629946;974

94.3458948067;4968;93.8220833233;1032

58.8150406996;4988;58.9973948473;1009

53.6951628546;4968;53.6057123781;1032

46.0768334847;5678;46.1734126539;1135

52.9772466648;4506;53.2288047389;892

58.5411469637;5678;58.7487667919;1135

48.9660704652;4968;48.6922219198;1032

43.3273451449;4842;42.9681220463;974

66.5113491171;4968;66.3117386543;1032

61.242377171;4506;61.320462412;892

72.872450234;4932;73.0486026105;980

47.1843652927;4968;46.891622143;1032

