[[ 0.01497753  0.09559813  0.0048149  ... -0.0276151  -0.03156362
  -0.0493501 ]
 [ 0.03423845  0.03053193 -0.01259586 ...  0.0471803   0.05050929
  -0.00326982]
 [ 0.0004318   0.00862156  0.0008368  ...  0.0183279  -0.01277604
   0.00098668]
 ...
 [ 0.00909737 -0.03899054 -0.03005408 ...  0.02484834  0.03581607
  -0.01103654]
 [-0.00454159 -0.0037663   0.04381112 ...  0.0869934   0.02779497
  -0.05218876]
 [-0.0148393  -0.06429295 -0.03730906 ...  0.08166589  0.02357307
  -0.00755033]]
(784L,)
0.601197319198;45293;0.592960553732;9100

0.527725755205;46085;0.535339261535;9184

0.484248194777;46440;0.512773856399;9250

0.347865222978;47489;0.36720198578;9449

0.393443976598;47091;0.424651164776;9406

0.398780829417;47169;0.455748074516;9367

0.342834080512;47646;0.385162618225;9504

0.317759724789;47737;0.377166442839;9474

0.331593373949;47600;0.394650572363;9442

0.321883906147;47655;0.376986310469;9505

0.273829197886;48082;0.342574408305;9532

0.303463197929;47873;0.381362877088;9495

0.257374646198;48142;0.347974549722;9534

0.240333641291;48382;0.329135151935;9566

0.242848762908;48289;0.318163353293;9556

0.25080457532;48273;0.343667341802;9542

0.221946370111;48414;0.311628649971;9561

0.217490382552;48551;0.330395809477;9552

0.217748029043;48463;0.317108734079;9567

0.228756372337;48364;0.350940916192;9532

0.225204116205;48464;0.337300546993;9553

0.210498572955;48520;0.318818123225;9573

0.211587551157;48533;0.327180002084;9575

0.199695968231;48607;0.304523503835;9599

0.176294904637;48784;0.297659419838;9595

0.209370169911;48574;0.332776336078;9568

0.18576505418;48737;0.310305987039;9584

0.189806050194;48746;0.320489928277;9588

0.179183226356;48808;0.303911982342;9599

0.169139446974;48866;0.312678830024;9595

[[ 1.10431459e-02 -1.20883638e-02  1.26646403e-02 ...  4.42035982e-02
  -1.89120782e-02  2.94157967e-02]
 [-3.02045972e-02  1.70366123e-02 -1.63715310e-02 ... -3.34009693e-02
   1.80273578e-02 -1.92071951e-02]
 [-3.01608875e-02 -9.13473436e-05 -4.50416191e-02 ...  2.87907097e-02
   2.59888270e-02  4.04100364e-02]
 ...
 [-1.49065024e-02  1.44576250e-02 -1.86936848e-02 ...  5.91109662e-03
  -3.50913572e-02  2.89181845e-02]
 [-4.43030927e-02  4.09138109e-02 -1.69409743e-02 ... -1.04988049e-01
   4.65652639e-02 -3.14237592e-03]
 [ 7.45163114e-03  7.92907972e-02 -1.23928623e-01 ... -2.33170922e-02
   5.40920063e-03 -1.03445735e-02]]
(784L,)
